BASEMAP
2.67	2.67	2.67	2.67	2.59	2.55	2.47	2.45	2.45	2.33	2.30	2.27	2.17	2.07	1.91	1.76	1.56	1.43	1.29	1.25	1.21	1.21	1.21	1.17	1.13	1.13	1.13	1.13	1.13	1.13	1.13	1.13	1.13
2.92	2.91	2.92	2.91	2.91	2.83	2.75	2.69	2.60	2.51	2.38	2.27	2.17	2.07	1.91	1.82	1.69	1.64	1.56	1.47	1.44	1.41	1.41	1.41	1.41	1.46	1.46	1.46	1.46	1.46	1.46	1.46	1.46
3.31	3.31	3.31	3.30	3.30	3.30	3.31	3.20	3.08	3.04	2.90	2.74	2.64	2.55	2.42	2.34	2.30	2.25	2.17	2.09	1.97	1.92	1.94	1.81	1.76	1.71	1.67	1.67	1.67	1.67	1.67	1.67	1.67
3.90	3.90	3.90	3.89	3.89	3.89	3.90	3.76	3.59	3.55	3.44	3.32	3.23	3.19	3.10	3.03	2.99	2.92	2.84	2.76	2.69	2.59	2.53	2.40	2.35	2.34	2.29	2.25	2.25	2.23	2.19	2.15	2.15
4.72	4.72	4.72	4.71	4.71	4.71	4.72	4.61	4.53	4.41	4.24	4.12	3.96	3.87	3.78	3.69	3.59	3.49	3.39	3.30	3.23	3.13	3.06	3.01	2.92	2.90	2.86	2.82	2.78	2.71	2.67	2.63	2.63
5.46	5.46	5.45	5.45	5.45	5.45	5.43	5.43	5.29	5.14	4.95	4.67	4.53	4.43	4.35	4.26	4.10	4.01	3.90	3.81	3.69	3.60	3.49	3.45	3.34	3.29	3.25	3.21	3.17	3.10	3.06	3.01	3.01
6.51	6.51	6.51	6.51	6.51	6.51	6.44	6.35	6.23	6.02	5.80	5.50	5.32	5.18	5.05	4.91	4.74	4.61	4.48	4.37	4.26	4.12	4.01	3.96	3.86	3.83	3.79	3.74	3.70	3.63	3.58	3.58	3.58
7.17	7.17	7.17	7.17	7.17	7.17	7.10	6.96	6.81	6.73	6.58	6.47	6.32	6.17	5.97	5.73	5.58	5.44	5.23	5.06	4.89	4.74	4.62	4.46	4.38	4.37	4.29	4.25	4.21	4.13	4.13	4.13	4.13
7.57	7.57	7.57	7.57	7.57	7.57	7.49	7.35	7.36	7.34	7.29	7.29	7.21	7.09	6.95	6.73	6.55	6.36	6.19	6.02	5.85	5.70	5.49	5.37	5.20	5.21	5.08	5.00	4.95	4.87	4.83	4.83	4.83
7.76	7.76	7.76	7.76	7.76	7.76	7.67	7.57	7.54	7.57	7.60	7.63	7.59	7.62	7.54	7.45	7.33	7.18	7.05	6.91	6.77	6.56	6.38	6.26	6.03	6.05	5.91	5.83	5.74	5.67	5.63	5.63	5.63
8.03	8.03	8.03	8.03	8.03	8.03	7.92	7.76	7.74	7.79	7.84	7.91	7.90	7.92	7.92	7.83	7.68	7.62	7.52	7.43	7.33	7.21	7.05	6.87	6.69	6.70	6.55	6.47	6.38	6.32	6.28	6.28	6.28
8.07	8.07	8.07	8.07	8.07	8.07	8.00	7.92	7.93	7.99	8.04	8.12	8.10	8.07	8.11	8.06	8.00	7.98	7.92	7.83	7.77	7.65	7.53	7.41	7.21	7.22	7.14	7.05	6.97	6.88	6.84	6.84	6.84
8.27	8.27	8.27	8.27	8.27	8.27	8.20	8.11	8.13	8.19	8.16	8.24	8.23	8.24	8.24	8.29	8.25	8.21	8.18	8.13	8.10	8.03	7.95	7.86	7.70	7.71	7.62	7.54	7.45	7.37	7.33	7.33	7.33
8.38	8.38	8.38	8.38	8.38	8.38	8.31	8.31	8.28	8.26	8.23	8.29	8.35	8.31	8.35	8.35	8.32	8.28	8.24	8.24	8.21	8.14	8.06	8.01	7.92	7.95	7.80	7.79	7.71	7.62	7.58	7.58	7.58
8.61	8.61	8.61	8.61	8.61	8.61	8.53	8.53	8.51	8.44	8.39	8.38	8.40	8.36	8.43	8.44	8.40	8.36	8.33	8.35	8.32	8.31	8.27	8.22	8.14	8.17	8.08	8.07	7.99	7.90	7.86	7.86	7.86
8.65	8.65	8.65	8.65	8.65	8.65	8.58	8.57	8.59	8.44	8.40	8.39	8.42	8.38	8.43	8.44	8.40	8.45	8.46	8.48	8.45	8.49	8.45	8.40	8.30	8.30	8.22	8.29	8.20	8.12	8.12	8.19	8.19
8.77	8.77	8.77	8.77	8.77	8.77	8.70	8.73	8.77	8.62	8.63	8.64	8.67	8.67	8.67	8.58	8.58	8.66	8.72	8.69	8.70	8.74	8.67	8.68	8.58	8.55	8.47	8.54	8.46	8.37	8.37	8.45	8.33
8.77	8.77	8.77	8.77	8.77	8.77	8.78	8.81	8.77	8.62	8.63	8.64	8.67	8.73	8.67	8.58	8.58	8.66	8.72	8.69	8.70	8.74	8.67	8.68	8.71	8.64	8.58	8.75	8.75	8.75	8.74	8.57	8.56
8.85	8.85	8.85	8.85	8.85	8.85	8.86	8.81	8.85	8.69	8.70	8.71	8.73	8.73	8.73	8.65	8.65	8.73	8.79	8.76	8.77	8.81	8.74	8.68	8.71	8.64	8.58	8.75	8.75	8.75	8.74	8.57	8.56
8.85	8.85	8.85	8.85	8.85	8.85	8.86	8.81	8.85	8.69	8.70	8.71	8.73	8.73	8.73	8.65	8.65	8.73	8.79	8.76	8.77	8.81	8.74	8.68	8.75	8.68	8.63	8.79	8.79	8.79	8.74	8.57	8.56
8.85	8.85	8.85	8.85	8.85	8.85	8.86	8.81	8.85	8.69	8.70	8.71	8.73	8.73	8.73	8.65	8.65	8.73	8.79	8.76	8.77	8.81	8.74	8.68	8.75	8.68	8.68	8.85	8.85	8.85	8.74	8.62	8.62

FUEL CORRECTION
0	0	0	0	0	0	0	0	0	0	0	0	0	0	0	0	0	0	0	0	0	0	0	0	0	0	0	0	0	0	0	0	0
0	0	0	0	0	0	0	0	0	0	0	0	0	0	0	0	0	0	0	0	0	0	0	0	0	0	0	0	0	0	0	0	0
0	0	0	0	0	0	0	0	0	0	0	0	0	0	0	0	0	0	0	0	0	0	0	0	0	0	0	0	0	0	0	0	0
0	0	0	0	0	0	0	1	1	1	1	1	1	1	1	1	1	1	1	1	1	1	1	1	1	1	1	1	1	1	1	1	1
0	0	0	0	0	0	0	1	1	1	1	1	1	1	1	1	1	1	1	1	1	1	1	1	1	1	1	1	1	1	1	1	1
1	1	1	1	1	1	1	1	1	1	1	2	2	2	2	2	2	2	2	2	2	2	2	2	2	2	2	2	2	2	2	2	2
1	1	1	1	1	1	1	1	1	1	1	2	2	2	2	2	2	2	2	2	2	2	2	2	2	2	2	2	2	2	2	2	2
1	1	1	1	1	1	1	3	3	3	3	3	3	3	3	4	4	4	4	4	4	4	4	4	4	4	4	4	4	4	4	4	4
1	1	1	1	1	1	1	3	3	3	3	3	3	3	3	4	4	4	4	4	4	4	4	4	4	4	4	4	4	4	4	4	4
2	2	2	2	2	2	2	4	4	4	4	4	4	4	4	4	4	4	4	4	4	4	4	4	4	4	4	4	4	4	4	4	4
2	2	2	2	2	2	2	4	4	4	4	4	4	4	4	4	4	4	4	4	4	4	4	4	4	4	4	4	4	4	4	4	4
3	3	3	3	3	3	3	5	5	5	5	5	5	5	5	5	5	5	5	5	5	5	5	5	5	5	5	5	5	5	5	5	5
3	3	3	3	3	3	3	5	5	5	5	5	5	5	5	5	5	5	5	5	5	5	5	5	5	5	5	5	5	5	5	5	5
4	4	4	4	4	4	4	4	4	5	5	5	5	5	5	6	6	6	6	6	6	6	6	6	6	6	6	5	5	5	5	5	5
4	4	4	4	4	4	4	4	4	5	5	5	5	5	5	6	6	6	6	6	6	6	6	6	6	6	6	5	5	5	5	5	5
4	4	4	4	4	4	4	4	4	6	6	6	6	6	6	7	7	7	7	7	7	7	7	7	7	7	7	5	5	5	5	4	4
4	4	4	4	4	4	4	4	4	6	6	6	6	6	6	7	7	7	7	7	7	7	7	7	7	7	7	5	5	5	5	4	4
4	4	4	4	4	4	4	4	4	6	6	6	6	6	6	7	7	7	7	7	7	7	7	7	7	7	7	5	5	5	5	4	4
4	4	4	4	4	4	4	4	4	6	6	6	6	6	6	7	7	7	7	7	7	7	7	7	7	7	7	5	5	5	5	4	4
4	4	4	4	4	4	4	4	4	6	6	6	6	6	6	7	7	7	7	7	7	7	7	7	7	7	7	5	5	5	5	4	4
4	4	4	4	4	4	4	4	4	6	6	6	6	6	6	7	7	7	7	7	7	7	7	7	7	7	7	5	5	5	5	4	4

INJECTOR TIMING
285	285	284	284	284	283	283	283	282	282	282	281	281	281	280	280	280	279	279	279	278	278	278	277	277	277	276	276	276	275	275	275	274
285	285	284	284	284	283	283	283	282	282	282	281	281	281	280	280	280	279	279	279	278	278	278	277	277	277	276	276	276	275	275	275	274
285	285	284	284	284	283	283	283	282	282	282	281	281	281	280	280	280	279	279	279	278	278	278	277	277	277	276	276	276	275	275	275	274
284	284	283	283	283	282	282	282	281	281	281	280	280	280	279	279	279	278	278	278	277	277	277	276	276	276	275	275	275	274	274	274	273
283	283	283	282	282	282	281	281	281	280	280	280	279	279	279	278	278	278	277	277	277	276	276	276	275	275	275	274	274	274	273	273	272
282	282	282	281	281	281	280	280	280	279	279	279	278	278	278	277	277	277	276	276	276	275	275	275	274	274	274	273	273	273	272	272	272
282	281	281	281	280	280	280	279	279	279	278	278	278	277	277	277	276	276	276	275	275	275	274	274	273	273	273	272	272	272	271	271	271
281	280	280	280	279	279	279	278	278	278	277	277	277	276	276	276	275	275	275	274	274	274	273	273	273	272	272	272	271	271	271	270	270
280	280	279	279	279	278	278	278	277	277	277	276	276	275	275	275	274	274	274	273	273	273	272	272	272	271	271	271	270	270	270	269	269
279	279	278	278	278	277	277	277	276	276	276	275	275	275	274	274	274	273	273	273	272	272	272	271	271	271	270	270	270	269	269	269	268
278	278	278	277	277	276	276	276	275	275	275	274	274	274	273	273	273	272	272	272	271	271	271	270	270	270	269	269	269	268	268	268	267
277	277	277	276	276	276	275	275	275	274	274	274	273	273	273	272	272	272	271	271	271	270	270	270	269	269	269	268	268	268	267	267	267
276	276	276	275	275	275	274	274	274	273	273	273	272	272	272	271	271	271	270	270	270	269	269	269	268	268	268	267	267	267	266	266	266
276	275	275	275	274	274	274	273	273	273	272	272	272	271	271	271	270	270	270	269	269	269	268	268	268	267	267	267	266	266	265	265	265
275	274	274	274	273	273	273	272	272	272	271	271	271	270	270	270	269	269	269	268	268	268	267	267	267	266	266	266	265	265	265	264	264
274	274	273	273	273	272	272	272	271	271	271	270	270	270	269	269	269	268	268	268	267	267	266	266	266	265	265	265	264	264	264	263	263
273	273	272	272	272	271	271	271	270	270	270	269	269	269	268	268	268	267	267	267	266	266	266	265	265	265	264	264	264	263	263	263	262
272	272	272	271	271	271	270	270	270	269	269	268	268	268	267	267	267	266	266	266	265	265	265	264	264	264	263	263	263	262	262	262	261
271	271	271	270	270	270	269	269	269	268	268	268	267	267	267	266	266	266	265	265	265	264	264	264	263	263	263	262	262	262	261	261	261
271	270	270	269	269	269	268	268	268	267	267	267	266	266	266	265	265	265	264	264	264	263	263	263	262	262	262	261	261	261	260	260	260
269	268	268	268	267	267	267	266	266	266	265	265	265	264	264	264	263	263	263	262	262	262	261	261	261	260	260	260	259	259	259	258	258

IGNITION TIMING
12.0	13.5	15.5	17.0	19.5	21.0	22.5	23.5	25.0	26.5	27.0	28.0	28.0	28.0	28.0	28.0	28.0
12.0	13.5	15.5	17.0	19.5	21.0	22.5	23.5	25.0	26.5	27.0	28.0	28.0	28.0	28.0	28.0	28.0
12.0	13.5	15.5	17.5	20.0	21.5	23.0	24.0	25.5	27.0	27.5	28.0	28.0	28.0	28.0	28.0	28.0
12.0	13.5	15.5	18.0	20.5	21.5	23.5	24.5	25.5	27.0	27.5	28.0	28.0	28.0	28.0	28.0	28.0
12.5	14.0	15.5	18.0	20.5	21.5	23.0	24.0	25.0	26.5	27.5	28.0	28.0	28.0	28.0	28.0	28.0
12.5	14.0	15.5	18.0	20.5	23.0	24.5	25.5	26.0	27.5	28.0	28.0	28.0	28.0	28.0	28.0	28.0
13.5	15.0	16.5	19.0	21.5	24.0	25.5	26.5	27.0	28.0	28.0	28.0	28.0	28.0	28.0	28.0	28.0
13.0	14.5	16.0	18.5	21.0	23.5	25.5	27.0	27.5	28.0	28.0	28.0	28.0	28.0	28.0	28.0	28.0
13.0	14.5	16.0	18.5	21.0	23.5	25.5	27.5	28.0	28.0	28.0	28.0	28.0	28.0	28.0	28.0	28.0
13.0	14.5	16.0	18.0	20.5	23.0	25.0	27.0	28.0	28.0	28.0	28.0	28.0	28.0	28.0	28.0	28.0
13.0	14.5	16.0	18.0	20.5	23.0	25.0	27.0	28.0	28.0	28.0	28.0	28.0	28.0	28.0	28.0	28.0
12.5	14.0	15.5	17.5	20.0	22.5	24.5	26.5	28.0	28.0	28.0	28.0	28.0	28.0	28.0	28.0	28.0
12.5	14.0	15.5	17.5	19.5	22.0	24.0	25.5	27.0	28.0	28.0	28.0	28.0	28.0	28.0	28.0	28.0
12.5	14.0	15.5	17.5	19.5	22.0	23.5	24.5	26.5	28.0	28.0	28.0	28.0	28.0	28.0	28.0	28.0
11.0	12.5	14.0	16.0	17.5	20.0	21.5	22.5	24.5	26.0	26.5	27.5	27.5	28.0	28.0	28.0	28.0
11.0	12.5	14.0	16.0	17.5	19.5	21.0	22.0	24.0	25.5	26.0	27.0	27.5	28.0	28.0	28.0	28.0
10.5	12.0	13.5	15.5	17.0	19.0	20.5	21.5	23.0	24.5	25.0	26.0	27.0	28.0	28.0	28.0	28.0
10.5	12.0	13.5	15.0	16.0	18.0	19.5	20.5	22.0	23.5	24.0	25.5	26.5	27.5	28.0	28.0	28.0
10.0	11.5	13.0	14.5	15.5	17.5	19.0	20.0	21.5	23.0	24.0	25.5	26.5	27.0	27.5	27.5	27.5
9.0	10.5	12.0	13.5	14.0	16.0	17.5	18.5	20.0	22.0	23.0	24.5	25.5	26.0	27.0	27.0	27.0
9.0	10.5	12.0	13.5	14.0	16.0	17.5	18.5	20.0	22.0	23.0	24.5	25.5	26.0	26.5	26.5	26.5
