BASEMAP
2.45	2.45	2.45	2.45	2.37	2.34	2.27	2.24	2.24	2.15	2.12	2.09	1.99	1.90	1.74	1.68	1.50	1.41	1.28	1.24	1.20	1.20	1.20	1.16	1.12	1.11	1.11	1.11	1.11	1.11	1.11	1.11	1.11
2.67	2.67	2.67	2.67	2.67	2.60	2.53	2.46	2.39	2.30	2.19	2.09	1.99	1.90	1.74	1.73	1.63	1.62	1.55	1.46	1.42	1.40	1.40	1.40	1.40	1.40	1.40	1.40	1.40	1.40	1.40	1.40	1.40
3.07	3.07	3.07	3.06	3.06	3.06	3.07	2.96	2.86	2.79	2.66	2.54	2.44	2.36	2.24	2.26	2.22	2.25	2.17	2.09	1.97	1.92	1.94	1.81	1.76	1.64	1.56	1.56	1.56	1.56	1.56	1.56	1.56
3.61	3.61	3.61	3.61	3.61	3.61	3.61	3.49	3.33	3.26	3.14	3.08	2.99	2.96	2.88	2.93	2.89	2.92	2.84	2.76	2.69	2.59	2.53	2.40	2.35	2.27	2.19	2.08	2.07	2.07	2.07	2.07	2.07
4.37	4.37	4.37	4.36	4.36	4.36	4.37	4.27	4.20	4.06	3.89	3.82	3.66	3.60	3.47	3.53	3.47	3.49	3.39	3.30	3.23	3.13	3.06	3.01	2.92	2.83	2.74	2.69	2.62	2.59	2.57	2.55	2.55
5.06	5.06	5.05	5.05	5.05	5.05	5.03	5.03	4.91	4.72	4.55	4.32	4.20	4.11	4.00	4.08	3.96	4.01	3.90	3.81	3.69	3.60	3.49	3.42	3.31	3.23	3.11	3.04	3.02	2.99	2.97	2.97	2.97
6.03	6.03	6.03	6.03	6.03	6.03	5.97	5.89	5.72	5.53	5.33	5.09	4.93	4.80	4.64	4.70	4.58	4.61	4.48	4.37	4.26	4.12	4.01	3.93	3.83	3.74	3.66	3.63	3.63	3.58	3.58	3.58	3.58
7.03	7.03	7.03	7.03	7.03	7.03	6.75	6.62	6.42	6.28	6.19	6.09	5.95	5.80	5.61	5.40	5.25	5.23	5.02	4.86	4.69	4.69	4.57	4.42	4.34	4.27	4.21	4.17	4.13	4.13	4.13	4.13	4.13
7.42	7.42	7.42	7.42	7.42	7.42	7.12	6.99	6.86	6.85	6.86	6.86	6.78	6.67	6.54	6.34	6.16	6.11	5.94	5.78	5.61	5.64	5.44	5.33	5.16	5.05	5.00	4.96	4.91	4.87	4.83	4.83	4.83
7.76	7.76	7.76	7.76	7.76	7.76	7.44	7.34	7.13	7.16	7.19	7.22	7.18	7.21	7.13	7.05	6.93	6.79	6.67	6.53	6.41	6.40	6.22	6.15	5.98	5.86	5.80	5.76	5.72	5.67	5.63	5.63	5.63
7.96	7.96	7.96	7.96	7.96	7.96	7.60	7.53	7.33	7.38	7.42	7.47	7.47	7.48	7.43	7.36	7.27	7.21	7.11	7.03	6.93	6.97	6.82	6.82	6.64	6.48	6.45	6.40	6.36	6.32	6.28	6.28	6.28
8.07	8.07	8.07	8.07	8.07	8.07	7.76	7.68	7.49	7.55	7.60	7.68	7.66	7.63	7.67	7.55	7.50	7.48	7.43	7.36	7.29	7.35	7.23	7.28	7.15	6.99	6.97	6.93	6.89	6.85	6.80	6.80	6.80
8.27	8.27	8.27	8.27	8.27	8.27	7.95	7.87	7.69	7.74	7.72	7.79	7.78	7.73	7.73	7.64	7.60	7.57	7.53	7.49	7.47	7.63	7.55	7.66	7.57	7.41	7.39	7.35	7.31	7.27	7.22	7.22	7.22
8.38	8.38	8.38	8.38	8.38	8.38	8.31	8.31	7.99	7.97	7.95	7.96	7.95	7.90	7.90	7.86	7.91	7.87	7.83	7.83	7.80	7.73	7.65	7.88	7.80	7.67	7.64	7.60	7.56	7.52	7.48	7.48	7.48
8.54	8.54	8.54	8.54	8.54	8.54	8.46	8.46	8.27	8.20	8.07	8.06	8.01	7.98	7.98	7.99	8.02	8.05	8.02	8.10	8.07	8.08	8.05	8.16	8.09	7.97	7.97	7.92	7.88	7.84	7.80	7.80	7.80
8.58	8.58	8.58	8.58	8.58	8.58	8.51	8.50	8.35	8.25	8.15	8.14	8.11	8.07	8.07	8.00	8.06	8.14	8.14	8.23	8.20	8.26	8.22	8.34	8.24	8.18	8.14	8.18	8.14	8.09	8.05	8.05	8.05
8.70	8.70	8.70	8.70	8.70	8.70	8.63	8.66	8.70	8.62	8.54	8.55	8.58	8.58	8.58	8.49	8.49	8.57	8.63	8.60	8.61	8.67	8.67	8.61	8.52	8.45	8.39	8.39	8.31	8.22	8.18	8.18	8.18
8.70	8.70	8.70	8.70	8.70	8.70	8.71	8.74	8.70	8.62	8.63	8.64	8.67	8.67	8.67	8.58	8.58	8.66	8.72	8.69	8.70	8.67	8.67	8.61	8.52	8.45	8.39	8.47	8.47	8.47	8.43	8.52	8.52
8.70	8.70	8.70	8.70	8.70	8.70	8.71	8.74	8.70	8.62	8.63	8.64	8.67	8.67	8.67	8.58	8.58	8.66	8.72	8.69	8.70	8.67	8.67	8.61	8.52	8.45	8.39	8.47	8.47	8.47	8.43	8.52	8.52
8.70	8.70	8.70	8.70	8.70	8.70	8.71	8.74	8.70	8.62	8.63	8.64	8.67	8.67	8.67	8.58	8.58	8.66	8.72	8.69	8.70	8.67	8.67	8.61	8.52	8.45	8.39	8.47	8.47	8.47	8.43	8.52	8.52
8.70	8.70	8.70	8.70	8.70	8.70	8.71	8.74	8.70	8.62	8.63	8.64	8.67	8.67	8.67	8.58	8.58	8.66	8.72	8.69	8.70	8.67	8.67	8.61	8.52	8.45	8.45	8.53	8.53	8.53	8.49	8.58	8.58

FUEL CORRECTION
0	0	0	0	0	0	0	0	0	0	0	0	0	0	0	0	0	0	0	0	0	0	0	0	0	0	0	0	0	0	0	0	0
0	0	0	0	0	0	0	0	0	0	0	0	0	0	0	0	0	0	0	0	0	0	0	0	0	0	0	0	0	0	0	0	0
0	0	0	0	0	0	0	0	0	0	0	0	0	0	0	0	0	0	0	0	0	0	0	0	0	0	0	0	0	0	0	0	0
0	0	0	0	0	0	0	1	1	1	1	1	1	1	1	1	1	1	1	1	1	1	1	1	1	1	1	1	1	1	1	1	1
0	0	0	0	0	0	0	1	1	1	1	1	1	1	1	1	1	1	1	1	1	1	1	1	1	1	1	1	1	1	1	1	1
1	1	1	1	1	1	1	1	1	1	1	2	2	2	2	2	2	2	2	2	2	2	2	2	2	2	2	2	2	2	2	2	2
1	1	1	1	1	1	1	1	1	1	1	2	2	2	2	2	2	2	2	2	2	2	2	2	2	2	2	2	2	2	2	2	2
1	1	1	1	1	1	1	2	2	2	2	2	2	2	2	3	3	3	3	3	3	3	3	3	3	3	3	3	3	3	3	3	3
1	1	1	1	1	1	1	2	2	2	2	2	2	2	2	3	3	3	3	3	3	3	3	3	3	3	3	3	3	3	3	3	3
2	2	2	2	2	2	2	3	3	3	3	3	3	3	3	3	3	3	3	3	3	3	3	3	3	3	3	3	3	3	3	3	3
2	2	2	2	2	2	2	3	3	3	3	3	3	3	3	3	3	3	3	3	3	3	3	3	3	3	3	3	3	3	3	3	3
2	2	2	2	2	2	2	3	3	3	3	3	3	3	3	4	4	4	4	4	4	4	4	4	4	4	4	4	4	4	4	4	4
2	2	2	2	2	2	2	3	3	3	3	3	3	3	3	4	4	4	4	4	4	4	4	4	4	4	4	4	4	4	4	4	4
3	3	3	3	3	3	3	3	3	4	4	4	4	4	4	4	4	4	4	4	4	4	4	4	4	4	4	4	4	4	4	4	4
3	3	3	3	3	3	3	3	3	4	4	4	4	4	4	4	4	4	4	4	4	4	4	4	4	4	4	4	4	4	4	4	4
3	3	3	3	3	3	3	3	3	4	4	4	4	4	4	5	5	5	5	5	5	5	5	5	5	5	5	4	4	4	4	4	4
3	3	3	3	3	3	3	3	3	4	4	4	4	4	4	5	5	5	5	5	5	5	5	5	5	5	5	4	4	4	4	4	4
3	3	3	3	3	3	3	3	3	4	4	4	4	4	4	5	5	5	5	5	5	5	5	5	5	5	5	4	4	4	4	3	3
3	3	3	3	3	3	3	3	3	4	4	4	4	4	4	5	5	5	5	5	5	5	5	5	5	5	5	4	4	4	4	3	3
3	3	3	3	3	3	3	3	3	4	4	4	4	4	4	5	5	5	5	5	5	5	5	5	5	5	5	4	4	4	4	3	3
3	3	3	3	3	3	3	3	3	4	4	4	4	4	4	5	5	5	5	5	5	5	5	5	5	5	5	4	4	4	4	3	3

INJECTOR TIMING
285	285	284	284	284	284	284	283	283	283	282	282	282	282	282	281	281	281	280	280	280	280	280	279	279	279	278	278	278	278	278	277	277
285	285	284	284	284	284	284	283	283	283	282	282	282	282	282	281	281	281	280	280	280	280	280	279	279	279	278	278	278	278	278	277	277
285	285	284	284	284	284	284	283	283	283	282	282	282	282	282	281	281	281	280	280	280	280	280	279	279	279	278	278	278	278	278	277	277
284	284	284	284	283	283	283	283	282	282	282	282	281	281	281	281	280	280	280	280	279	279	279	279	278	278	278	278	277	277	277	277	276
284	283	283	283	283	282	282	282	282	281	281	281	281	280	280	280	280	279	279	279	279	278	278	278	278	277	277	277	277	276	276	276	276
283	283	283	282	282	282	282	281	281	281	281	280	280	280	280	279	279	279	279	278	278	278	278	277	277	277	277	276	276	276	276	275	275
282	282	282	282	281	281	281	281	280	280	280	280	279	279	279	279	278	278	278	278	277	277	277	277	276	276	276	276	275	275	275	275	274
282	282	281	281	281	281	280	280	280	280	279	279	279	279	278	278	278	278	277	277	277	277	276	276	276	276	275	275	275	275	274	274	274
281	281	281	280	280	280	280	279	279	279	279	278	278	278	278	277	277	277	277	276	276	276	276	275	275	275	275	274	274	274	274	273	273
281	280	280	280	280	279	279	279	279	278	278	278	278	277	277	277	277	276	276	276	276	275	275	275	275	274	274	274	274	273	273	273	273
280	280	279	279	279	279	278	278	278	278	277	277	277	277	276	276	276	276	275	275	275	275	274	274	274	274	273	273	273	273	272	272	272
279	279	279	279	278	278	278	278	277	277	277	277	276	276	276	276	275	275	275	275	274	274	274	274	273	273	273	273	272	272	272	272	271
279	278	278	278	278	277	277	277	277	276	276	276	276	275	275	275	275	274	274	274	274	273	273	273	273	272	272	272	272	271	271	271	271
278	278	278	277	277	277	277	276	276	276	276	275	275	275	275	274	274	274	274	273	273	273	273	272	272	272	272	271	271	271	271	270	270
277	277	277	277	276	276	276	276	275	275	275	275	274	274	274	274	273	273	273	273	272	272	272	272	271	271	271	271	270	270	270	270	269
277	277	276	276	276	276	275	275	275	275	274	274	274	274	273	273	273	273	272	272	272	272	271	271	271	271	270	270	270	270	269	269	269
276	276	276	275	275	275	275	274	274	274	274	273	273	273	273	272	272	272	272	271	271	271	271	270	270	270	270	269	269	269	269	268	268
276	275	275	275	275	274	274	274	274	273	273	273	273	272	272	272	272	271	271	271	271	270	270	270	270	269	269	269	269	268	268	268	268
275	275	274	274	274	274	273	273	273	273	272	272	272	272	271	271	271	271	270	270	270	270	269	269	269	269	268	268	268	268	267	267	267
274	274	274	274	273	273	273	273	272	272	272	272	271	271	271	271	270	270	270	270	269	269	269	269	268	268	268	268	267	267	267	267	266
273	273	272	272	272	272	272	271	271	271	270	270	270	270	270	269	269	269	268	268	268	268	268	267	267	267	266	266	266	266	266	265	265

IGNITION TIMING
5.0	7.5	10.0	12.5	15.0	17.5	20.0	22.5	23.0	23.5	23.5	23.5	23.5	24.0	24.5	25.0	25.0
5.0	7.5	10.0	12.5	15.0	17.5	20.0	22.5	23.0	23.5	23.5	23.5	23.5	24.0	24.5	25.0	25.0
5.0	7.5	10.0	12.5	15.0	17.5	20.0	22.5	23.0	23.5	23.5	23.5	23.5	24.0	24.5	25.0	25.0
5.0	7.0	9.5	12.0	14.5	17.0	19.5	22.0	23.5	24.0	24.0	24.0	24.0	24.5	25.0	25.5	25.5
5.0	7.0	9.5	12.0	14.5	17.0	19.5	22.0	23.5	24.0	24.0	24.0	24.0	24.5	25.0	25.5	25.5
5.0	7.5	10.0	12.5	15.0	17.5	20.0	22.5	24.0	24.5	24.5	24.5	24.5	25.0	25.5	26.0	26.0
5.0	7.5	10.0	12.5	15.0	17.5	20.0	22.5	24.0	24.5	24.5	24.5	24.5	25.0	25.5	26.0	26.0
6.0	8.5	11.0	13.5	16.0	18.5	20.5	21.5	22.0	22.5	23.0	23.0	23.0	23.5	24.0	24.5	24.5
6.0	8.5	11.0	13.5	16.0	18.5	20.5	21.5	22.0	22.5	23.0	23.0	23.0	23.5	24.0	24.5	24.5
6.0	8.5	11.0	13.5	16.0	18.5	20.5	21.5	22.0	22.5	23.0	23.0	23.0	23.5	24.0	24.5	24.5
6.0	8.5	11.0	13.5	16.0	18.5	20.5	21.5	22.0	22.5	23.0	23.0	23.0	23.5	24.0	24.5	24.5
6.0	8.5	11.0	13.5	16.0	18.5	20.0	21.0	21.5	22.0	22.0	22.0	22.0	22.5	23.0	23.5	23.5
6.0	8.5	11.0	13.5	16.0	18.5	20.0	21.0	21.5	22.0	22.0	22.0	22.0	22.5	23.0	23.5	23.5
6.0	8.5	11.0	13.5	16.0	18.5	20.0	21.0	21.5	22.0	22.0	22.0	22.0	22.5	23.0	23.5	23.5
5.5	8.0	10.5	13.0	15.5	17.5	19.0	20.0	20.5	21.0	21.5	21.5	21.5	22.0	22.5	23.0	23.0
5.5	8.0	10.5	13.0	15.5	17.5	19.0	20.0	20.5	21.0	21.5	21.5	21.5	22.0	22.5	23.0	23.0
5.5	8.0	10.5	13.0	15.5	17.5	19.0	20.0	20.5	21.0	21.5	21.5	21.5	22.0	22.5	23.0	23.0
5.0	7.5	10.0	12.5	14.5	16.5	18.0	19.0	19.5	20.0	20.5	20.5	20.5	21.0	21.5	22.0	22.0
5.0	7.5	10.0	12.5	14.5	16.5	18.0	19.0	19.5	20.0	20.5	20.5	20.5	21.0	21.5	22.0	22.0
5.0	7.5	10.0	12.5	14.5	16.5	18.0	19.0	19.5	20.0	20.0	20.0	20.0	20.0	21.5	22.0	22.0
5.0	7.0	9.5	12.0	14.0	16.0	17.5	18.5	19.0	19.5	20.0	20.0	20.0	20.0	21.0	21.5	21.5
