BASEMAP
2.50	2.50	2.50	2.50	2.42	2.39	2.31	2.29	2.29	2.18	2.15	2.12	2.03	1.93	1.79	1.65	1.46	1.33	1.21	1.17	1.13	1.13	1.13	1.09	1.05	1.05	1.05	1.05	1.05	1.05	1.05	1.05	1.05
2.73	2.72	2.73	2.72	2.72	2.64	2.57	2.51	2.43	2.35	2.22	2.10	1.99	1.86	1.78	1.70	1.58	1.53	1.46	1.37	1.34	1.32	1.32	1.32	1.32	1.36	1.36	1.36	1.36	1.36	1.36	1.36	1.36
3.09	3.09	3.09	3.08	3.08	3.08	3.09	3.00	2.88	2.84	2.71	2.56	2.46	2.38	2.26	2.18	2.15	2.10	2.03	1.95	1.84	1.79	1.81	1.69	1.65	1.60	1.56	1.56	1.56	1.56	1.56	1.56	1.56
3.61	3.61	3.61	3.60	3.60	3.60	3.61	3.52	3.36	3.32	3.21	3.10	3.02	2.98	2.90	2.83	2.80	2.73	2.66	2.58	2.51	2.43	2.36	2.25	2.20	2.18	2.15	2.11	2.11	2.11	2.07	2.03	2.03
4.37	4.37	4.37	4.36	4.36	4.36	4.37	4.27	4.20	4.09	3.93	3.82	3.67	3.59	3.50	3.42	3.35	3.27	3.17	3.09	3.02	2.93	2.86	2.79	2.71	2.69	2.65	2.61	2.57	2.54	2.50	2.46	2.46
5.06	5.06	5.05	5.05	5.05	5.05	5.03	4.98	4.86	4.72	4.55	4.33	4.20	4.11	4.03	3.95	3.84	3.75	3.65	3.56	3.46	3.37	3.27	3.20	3.10	3.08	3.04	3.00	2.96	2.93	2.89	2.85	2.85
6.03	6.03	6.03	6.03	6.03	6.03	5.97	5.83	5.67	5.48	5.28	5.05	4.89	4.76	4.64	4.52	4.40	4.27	4.16	4.06	3.95	3.82	3.72	3.64	3.55	3.55	3.51	3.47	3.43	3.39	3.35	3.35	3.35
6.65	6.65	6.65	6.65	6.65	6.65	6.58	6.45	6.31	6.19	6.04	5.90	5.76	5.62	5.48	5.32	5.18	5.05	4.85	4.70	4.54	4.40	4.29	4.14	4.06	4.09	4.06	4.02	3.98	3.94	3.90	3.90	3.90
6.95	6.95	6.95	6.95	6.95	6.95	6.94	6.88	6.83	6.75	6.70	6.64	6.57	6.46	6.33	6.19	6.02	5.85	5.69	5.54	5.38	5.24	5.09	4.95	4.79	4.84	4.76	4.68	4.64	4.60	4.56	4.56	4.56
7.19	7.19	7.19	7.19	7.19	7.19	7.18	7.15	7.13	7.09	7.05	7.02	6.98	6.95	6.87	6.79	6.68	6.54	6.43	6.30	6.17	6.03	5.87	5.71	5.55	5.62	5.54	5.46	5.38	5.30	5.27	5.27	5.27
7.38	7.38	7.38	7.38	7.38	7.38	7.34	7.33	7.32	7.29	7.28	7.28	7.27	7.22	7.16	7.08	7.00	6.94	6.86	6.77	6.68	6.58	6.43	6.27	6.11	6.16	6.08	6.01	5.93	5.85	5.81	5.81	5.81
7.48	7.48	7.48	7.48	7.48	7.48	7.49	7.48	7.50	7.48	7.46	7.46	7.45	7.42	7.39	7.36	7.31	7.29	7.23	7.15	7.09	6.99	6.88	6.76	6.64	6.71	6.63	6.55	6.47	6.40	6.36	6.36	6.36
7.60	7.60	7.60	7.60	7.60	7.60	7.61	7.60	7.61	7.60	7.57	7.58	7.57	7.53	7.53	7.50	7.46	7.43	7.40	7.36	7.33	7.27	7.20	7.11	7.03	7.10	7.02	6.94	6.86	6.79	6.75	6.75	6.75
7.78	7.78	7.78	7.78	7.78	7.78	7.78	7.78	7.75	7.74	7.71	7.70	7.69	7.65	7.63	7.63	7.61	7.57	7.53	7.53	7.50	7.44	7.36	7.32	7.24	7.33	7.25	7.18	7.10	7.02	6.98	6.98	6.98
7.92	7.92	7.92	7.92	7.92	7.92	7.92	7.92	7.90	7.92	7.86	7.85	7.81	7.77	7.77	7.78	7.75	7.71	7.68	7.68	7.66	7.60	7.56	7.51	7.44	7.53	7.45	7.37	7.29	7.21	7.18	7.18	7.18
7.96	7.96	7.96	7.96	7.96	7.96	7.96	7.96	7.98	7.96	7.94	7.93	7.90	7.86	7.86	7.87	7.86	7.86	7.87	7.88	7.85	7.83	7.79	7.75	7.66	7.72	7.64	7.57	7.49	7.41	7.41	7.41	7.41
8.00	8.00	8.00	8.00	8.00	8.00	8.01	8.03	8.07	8.08	8.09	8.10	8.12	8.12	8.12	8.12	8.12	8.12	8.17	8.15	8.16	8.13	8.06	8.00	7.92	7.96	7.88	7.80	7.72	7.64	7.64	7.64	7.64
8.00	8.00	8.00	8.00	8.00	8.00	8.01	8.03	8.07	8.08	8.09	8.10	8.12	8.12	8.12	8.12	8.12	8.12	8.17	8.15	8.16	8.13	8.06	8.00	8.03	7.97	7.92	7.92	7.92	7.92	7.92	7.92	7.92
8.00	8.00	8.00	8.00	8.00	8.00	8.01	8.03	8.07	8.08	8.09	8.10	8.12	8.12	8.12	8.12	8.12	8.12	8.17	8.15	8.16	8.13	8.06	8.00	8.03	7.97	7.92	7.92	7.92	7.92	7.92	7.92	7.92
8.00	8.00	8.00	8.00	8.00	8.00	8.01	8.03	8.07	8.08	8.09	8.10	8.12	8.12	8.12	8.12	8.12	8.12	8.17	8.15	8.16	8.13	8.06	8.00	8.07	8.01	7.96	7.96	7.96	7.96	7.96	7.96	7.96
8.00	8.00	8.00	8.00	8.00	8.00	8.01	8.03	8.07	8.08	8.09	8.10	8.12	8.12	8.12	8.12	8.12	8.12	8.17	8.15	8.16	8.13	8.06	8.00	8.07	8.01	8.01	8.01	8.01	8.01	8.01	8.01	8.01

FUEL CORRECTION
4	4	4	4	4	4	4	4	4	4	4	4	4	4	4	4	4	4	4	4	4	4	4	4	4	4	4	4	4	4	4	4	4
4	4	4	4	4	4	4	4	4	4	4	4	4	4	4	4	4	4	4	4	4	4	4	4	4	4	4	4	4	4	4	4	4
4	4	4	4	4	4	4	4	4	4	4	4	4	4	4	4	4	4	4	4	4	4	4	4	4	4	4	4	4	4	4	4	4
4	4	4	4	4	5	5	5	5	5	5	5	5	5	5	5	5	6	6	6	6	6	6	6	6	6	6	6	6	6	6	6	6
4	4	4	4	4	5	5	5	5	5	5	5	5	5	5	5	5	6	6	6	6	6	6	6	6	6	6	6	6	6	6	6	6
5	5	5	5	5	5	5	6	6	6	6	6	6	6	6	6	6	6	6	7	7	7	7	7	7	7	7	7	7	7	7	7	7
5	5	5	5	5	5	5	6	6	6	6	6	6	6	6	6	6	6	6	7	7	7	7	7	7	7	7	7	7	7	7	7	7
6	6	6	6	6	6	6	7	7	7	7	7	7	7	7	8	8	8	8	8	8	8	8	8	8	8	8	8	8	8	8	8	8
6	6	6	6	6	6	6	7	7	7	7	7	7	7	7	8	8	8	8	8	8	8	8	8	8	8	8	8	8	8	8	8	8
6	6	6	6	6	6	6	7	7	7	7	7	7	7	7	8	8	8	8	8	8	8	8	8	8	8	8	8	8	8	8	8	8
7	7	7	7	7	7	7	8	8	8	8	8	8	9	9	9	9	9	9	9	9	9	9	10	10	10	10	10	10	9	9	9	9
7	7	7	7	7	7	7	8	8	8	8	8	8	9	9	9	9	9	9	9	9	9	9	10	10	10	10	10	10	9	9	9	9
7	7	7	7	7	7	7	8	8	8	8	8	8	9	9	9	9	9	9	9	9	9	9	10	10	10	10	10	10	9	9	9	9
8	8	8	8	8	8	8	9	9	9	9	9	9	10	10	10	10	10	10	10	10	10	10	11	11	11	11	11	11	10	10	10	10
8	8	8	8	8	8	8	9	9	9	9	9	9	10	10	10	10	10	10	10	10	10	10	11	11	11	11	11	11	10	10	10	10
8	8	8	8	8	8	8	10	10	10	10	11	11	11	11	12	12	12	12	12	12	12	12	12	12	12	12	11	11	11	11	10	10
8	8	8	8	8	8	8	10	10	10	10	11	11	11	11	12	12	12	12	12	12	12	12	12	12	12	12	11	11	11	11	10	10
8	8	8	8	8	8	8	10	10	10	10	11	11	11	11	12	12	12	12	12	12	12	12	12	12	12	12	11	11	11	11	10	10
9	9	9	9	9	9	9	10	10	10	10	11	11	11	11	12	12	12	12	12	12	12	12	12	12	12	12	11	11	11	11	10	10
9	9	9	9	9	9	9	10	10	10	10	11	11	11	11	12	12	12	12	12	12	12	12	12	12	12	12	11	11	11	11	10	10
9	9	9	9	9	9	9	10	10	10	10	11	11	11	11	12	12	12	12	12	12	12	12	12	12	12	12	11	11	11	11	10	10

INJECTOR TIMING
285	285	285	285	285	285	285	285	285	285	285	285	285	285	285	285	285	285	285	285	285	285	285	285	285	285	285	285	285	285	285	285	285
285	285	285	285	285	285	285	285	285	285	285	285	285	285	285	285	285	285	285	285	285	285	285	285	285	285	285	285	285	285	285	285	285
285	285	285	285	285	285	285	285	285	285	285	285	285	285	285	285	285	285	285	285	285	285	285	285	285	285	285	285	285	285	285	285	285
285	285	285	285	285	285	285	285	285	285	285	285	285	285	285	285	284	284	284	284	284	284	284	284	284	284	284	284	284	284	284	284	284
285	285	285	285	285	285	284	284	284	284	284	284	284	284	284	284	284	283	283	283	283	283	283	283	283	283	283	282	282	282	282	282	282
285	285	285	285	284	284	284	284	284	284	284	284	284	283	283	283	283	283	283	283	282	282	282	282	282	282	282	282	282	281	281	281	281
285	285	285	285	284	284	284	284	284	284	283	283	283	283	283	283	282	282	282	282	282	282	282	281	281	281	281	281	281	280	280	280	280
284	284	284	283	283	283	283	283	282	282	282	282	282	282	281	281	281	281	281	280	280	280	280	280	280	279	279	279	279	279	278	278	278
284	284	284	283	283	283	283	282	282	282	282	282	281	281	281	281	280	280	280	280	280	279	279	279	279	279	278	278	278	278	277	277	277
284	284	284	283	283	283	282	282	282	282	282	281	281	281	280	280	280	280	280	279	279	279	278	278	278	278	278	277	277	277	276	276	276
284	284	283	283	283	282	282	282	282	281	281	281	280	280	280	279	279	279	278	278	278	277	277	277	276	276	276	276	275	275	275	274	274
284	284	283	283	283	282	282	282	281	281	281	280	280	280	279	279	278	278	278	277	277	277	276	276	276	275	275	275	274	274	274	273	273
284	284	283	283	282	282	282	281	281	281	280	280	280	279	279	278	278	278	277	277	276	276	276	275	275	275	274	274	274	273	273	272	272
284	284	283	283	282	282	282	281	281	280	280	280	279	279	278	278	278	277	277	276	276	275	275	275	274	274	273	273	273	272	272	271	271
284	284	283	283	282	282	281	281	280	280	279	279	278	278	277	277	276	276	276	275	275	274	274	273	273	272	272	271	271	270	270	269	269
284	284	283	282	282	282	281	280	280	280	279	278	278	278	277	276	276	276	275	274	274	274	273	272	272	272	271	270	270	270	269	268	268
284	283	283	282	282	281	281	280	280	279	279	278	278	277	277	276	276	275	274	274	273	273	272	272	271	271	270	270	269	269	268	268	267
283	282	282	281	281	280	280	279	278	278	277	277	276	276	275	275	274	273	273	272	272	271	271	270	270	269	268	268	267	267	266	266	265
283	282	282	281	281	280	279	279	278	278	277	276	276	275	275	274	274	273	272	272	271	271	270	269	269	268	268	267	266	266	265	265	264
283	282	282	281	280	280	279	279	278	277	277	276	276	275	274	274	273	272	272	271	270	270	269	269	268	267	267	266	266	265	264	264	263
283	282	282	281	280	279	279	278	277	277	276	275	274	274	273	272	272	271	270	269	269	268	267	266	266	265	264	264	263	262	261	261	260

IGNITION TIMING
9.0	10.5	12.5	14.0	16.5	18.0	19.5	20.5	22.0	23.5	24.0	25.0	26.0	26.5	26.5	26.5	26.5
9.0	10.5	12.5	14.0	16.5	18.0	19.5	20.5	22.0	23.5	24.0	25.0	26.0	26.5	26.5	26.5	26.5
9.0	10.5	12.5	14.5	17.0	18.5	20.0	21.0	22.5	24.0	24.5	25.5	26.5	26.5	26.5	26.5	26.5
9.0	10.5	12.5	15.0	17.5	18.5	20.5	21.5	22.5	24.0	24.5	25.5	26.5	26.5	26.5	26.5	26.5
9.5	11.0	12.5	15.0	17.5	18.5	20.0	21.0	22.0	23.5	24.5	25.5	26.5	26.5	26.5	26.5	26.5
9.5	11.0	12.5	15.0	18.0	20.0	21.5	22.5	23.0	24.5	25.5	26.5	26.5	26.5	26.5	26.5	26.5
10.5	12.0	13.5	16.0	18.5	21.0	22.5	23.5	24.0	25.5	26.5	27.0	27.0	26.5	26.5	26.5	26.5
10.5	12.0	13.5	16.0	18.5	21.0	23.0	24.5	25.0	26.5	27.0	27.0	27.0	26.5	26.5	26.5	26.5
10.5	12.0	13.5	16.0	18.5	21.0	23.0	25.0	26.0	26.5	27.0	27.0	27.0	26.5	26.5	26.5	26.5
10.5	12.0	13.5	15.5	18.0	20.5	22.5	24.5	26.5	27.0	27.0	27.0	27.0	26.5	26.5	26.5	26.5
10.5	12.0	13.5	15.5	18.0	20.5	22.5	24.5	26.5	27.0	27.0	27.0	27.0	26.5	26.5	26.5	26.5
10.0	11.5	13.0	15.0	17.5	20.0	22.0	24.0	25.5	26.5	27.0	27.0	26.5	26.5	26.5	26.5	26.5
10.0	11.5	13.0	15.0	17.0	19.5	21.5	23.0	24.5	26.0	26.5	27.0	26.5	26.5	26.5	26.5	26.5
10.0	11.5	13.0	15.0	17.0	19.5	21.0	22.0	24.0	25.5	26.0	27.0	26.5	26.5	26.5	26.5	26.5
9.5	11.0	12.5	14.5	16.0	18.5	20.0	21.0	23.0	24.5	25.0	26.0	26.0	27.0	27.0	27.0	27.0
9.5	11.0	12.5	14.5	16.0	18.0	19.5	20.5	22.5	24.0	24.5	25.5	26.0	27.0	27.0	27.0	27.0
9.0	10.5	12.0	14.0	15.5	17.5	19.0	20.0	21.5	23.0	23.5	24.5	25.5	26.5	27.0	27.0	27.0
9.0	10.5	12.0	13.5	14.5	16.5	18.0	19.0	20.5	22.0	22.5	24.0	25.0	26.0	27.0	27.0	27.0
8.5	10.0	11.5	13.0	14.0	16.0	17.5	18.5	20.0	21.5	22.5	24.0	25.0	25.5	26.0	26.0	26.0
8.0	9.5	11.0	12.5	13.0	15.0	16.5	17.5	19.0	21.0	22.0	23.5	24.5	25.0	26.0	26.0	26.0
8.0	9.5	11.0	12.5	13.0	15.0	16.5	17.5	19.0	21.0	22.0	23.5	24.5	25.0	25.5	25.5	25.5
