BASEMAP
3.20	3.20	3.20	3.20	3.10	3.06	2.96	2.93	2.93	2.79	2.76	2.72	2.60	2.48	2.29	2.11	1.87	1.71	1.55	1.50	1.45	1.45	1.45	1.40	1.35	1.35	1.35	1.35	1.35	1.35	1.35	1.35	1.35
3.50	3.49	3.50	3.49	3.49	3.39	3.30	3.22	3.12	3.01	2.85	2.69	2.55	2.39	2.28	2.18	2.03	1.96	1.87	1.76	1.72	1.69	1.69	1.69	1.69	1.75	1.75	1.75	1.75	1.75	1.75	1.75	1.75
3.96	3.96	3.96	3.95	3.95	3.95	3.96	3.84	3.69	3.64	3.48	3.28	3.16	3.05	2.90	2.80	2.76	2.69	2.60	2.50	2.36	2.30	2.32	2.17	2.11	2.05	2.00	2.00	2.00	2.00	2.00	2.00	2.00
4.63	4.63	4.63	4.62	4.62	4.62	4.63	4.51	4.31	4.26	4.12	3.98	3.87	3.82	3.72	3.63	3.59	3.50	3.41	3.31	3.22	3.11	3.03	2.88	2.82	2.80	2.75	2.70	2.70	2.70	2.65	2.60	2.60
5.60	5.60	5.60	5.59	5.59	5.59	5.60	5.48	5.38	5.24	5.04	4.90	4.70	4.60	4.49	4.38	4.30	4.19	4.06	3.96	3.87	3.75	3.67	3.58	3.47	3.45	3.40	3.35	3.30	3.25	3.20	3.15	3.15
6.49	6.49	6.48	6.48	6.48	6.48	6.45	6.39	6.23	6.05	5.83	5.55	5.38	5.27	5.17	5.06	4.92	4.81	4.68	4.57	4.43	4.32	4.19	4.10	3.97	3.95	3.90	3.85	3.80	3.75	3.70	3.65	3.65
7.73	7.73	7.73	7.73	7.73	7.73	7.65	7.48	7.27	7.02	6.77	6.48	6.27	6.10	5.95	5.79	5.64	5.48	5.33	5.20	5.06	4.90	4.77	4.67	4.55	4.55	4.50	4.45	4.40	4.35	4.30	4.30	4.30
8.52	8.52	8.52	8.52	8.52	8.52	8.44	8.27	8.09	7.93	7.75	7.56	7.38	7.20	7.03	6.82	6.64	6.47	6.22	6.02	5.82	5.64	5.50	5.31	5.21	5.25	5.20	5.15	5.10	5.05	5.00	5.00	5.00
8.91	8.91	8.91	8.91	8.91	8.91	8.90	8.82	8.75	8.65	8.59	8.51	8.42	8.28	8.11	7.94	7.72	7.50	7.30	7.10	6.90	6.72	6.53	6.34	6.14	6.20	6.10	6.00	5.95	5.90	5.85	5.85	5.85
9.22	9.22	9.22	9.22	9.22	9.22	9.20	9.17	9.14	9.09	9.04	9.00	8.95	8.91	8.81	8.71	8.57	8.39	8.24	8.08	7.91	7.73	7.52	7.32	7.11	7.20	7.10	7.00	6.90	6.80	6.75	6.75	6.75
9.46	9.46	9.46	9.46	9.46	9.46	9.41	9.40	9.38	9.35	9.33	9.33	9.32	9.26	9.18	9.08	8.98	8.90	8.79	8.68	8.56	8.43	8.24	8.04	7.83	7.90	7.80	7.70	7.60	7.50	7.45	7.45	7.45
9.59	9.59	9.59	9.59	9.59	9.59	9.60	9.59	9.61	9.59	9.56	9.57	9.55	9.51	9.48	9.43	9.37	9.34	9.27	9.17	9.09	8.96	8.82	8.67	8.51	8.60	8.50	8.40	8.30	8.20	8.15	8.15	8.15
9.74	9.74	9.74	9.74	9.74	9.74	9.75	9.74	9.76	9.74	9.71	9.72	9.70	9.65	9.65	9.62	9.57	9.53	9.49	9.44	9.40	9.32	9.23	9.12	9.01	9.10	9.00	8.90	8.80	8.70	8.65	8.65	8.65
9.97	9.97	9.97	9.97	9.97	9.97	9.98	9.97	9.94	9.92	9.89	9.87	9.86	9.81	9.78	9.78	9.75	9.70	9.65	9.65	9.62	9.54	9.44	9.38	9.28	9.40	9.30	9.20	9.10	9.00	8.95	8.95	8.95
10.16	10.16	10.16	10.16	10.16	10.16	10.16	10.15	10.13	10.15	10.08	10.07	10.01	9.96	9.96	9.97	9.93	9.88	9.84	9.85	9.82	9.74	9.69	9.63	9.54	9.65	9.55	9.45	9.35	9.25	9.20	9.20	9.20
10.21	10.21	10.21	10.21	10.21	10.21	10.21	10.20	10.23	10.20	10.18	10.17	10.13	10.08	10.08	10.09	10.08	10.08	10.09	10.10	10.07	10.04	9.99	9.93	9.82	9.90	9.80	9.70	9.60	9.50	9.50	9.50	9.50
10.26	10.26	10.26	10.26	10.26	10.26	10.27	10.30	10.35	10.36	10.37	10.38	10.41	10.41	10.41	10.41	10.41	10.41	10.48	10.45	10.46	10.42	10.33	10.26	10.15	10.20	10.10	10.00	9.90	9.80	9.80	9.80	9.80
10.26	10.26	10.26	10.26	10.26	10.26	10.27	10.30	10.35	10.36	10.37	10.38	10.41	10.41	10.41	10.41	10.41	10.41	10.48	10.45	10.46	10.42	10.33	10.26	10.30	10.22	10.15	10.15	10.15	10.15	10.15	10.15	10.15
10.26	10.26	10.26	10.26	10.26	10.26	10.27	10.30	10.35	10.36	10.37	10.38	10.41	10.41	10.41	10.41	10.41	10.41	10.48	10.45	10.46	10.42	10.33	10.26	10.30	10.22	10.15	10.15	10.15	10.15	10.15	10.15	10.15
10.26	10.26	10.26	10.26	10.26	10.26	10.27	10.30	10.35	10.36	10.37	10.38	10.41	10.41	10.41	10.41	10.41	10.41	10.48	10.45	10.46	10.42	10.33	10.26	10.35	10.27	10.20	10.20	10.20	10.20	10.20	10.20	10.20
10.26	10.26	10.26	10.26	10.26	10.26	10.27	10.30	10.35	10.36	10.37	10.38	10.41	10.41	10.41	10.41	10.41	10.41	10.48	10.45	10.46	10.42	10.33	10.26	10.35	10.27	10.27	10.27	10.27	10.27	10.27	10.27	10.27

FUEL CORRECTION
7	7	7	7	7	7	7	7	7	7	7	7	7	7	7	7	7	7	7	7	7	7	7	7	7	7	7	7	7	7	7	7	7
7	7	7	7	7	7	7	7	7	7	7	7	7	7	7	7	7	7	7	7	7	7	7	7	7	7	7	7	7	7	7	7	7
7	7	7	7	7	7	7	7	7	7	7	7	7	7	7	7	7	7	7	7	7	7	7	7	7	7	7	7	7	7	7	7	7
8	8	8	8	8	8	8	8	8	8	8	8	8	8	8	8	8	8	8	8	8	8	8	8	8	8	8	8	8	7	7	7	7
8	8	8	8	8	8	8	9	9	9	9	9	9	9	9	9	8	8	8	8	8	8	8	9	9	9	9	9	9	8	8	8	8
9	9	9	9	9	9	9	10	10	10	10	10	10	10	10	10	9	9	9	9	9	9	9	10	10	9	9	9	9	8	8	8	8
9	9	9	9	9	9	9	10	11	11	11	11	11	11	11	11	10	10	10	10	10	10	10	11	11	10	10	10	10	9	9	9	9
9	9	9	9	9	9	9	10	11	12	12	12	12	12	12	12	11	11	11	11	11	11	11	12	12	11	10	10	10	9	9	9	9
10	10	10	10	10	10	9	10	11	12	12	13	13	13	13	13	12	12	12	12	12	12	12	13	13	12	11	11	11	10	10	10	10
10	10	10	10	10	10	9	10	10	11	12	13	13	14	14	14	13	13	13	13	13	13	13	14	13	12	11	11	11	11	11	11	11
11	11	11	11	11	11	10	10	10	10	11	12	13	14	15	15	14	14	14	14	14	14	14	14	14	13	12	12	12	12	12	12	12
11	11	11	11	11	11	10	10	10	10	11	12	13	14	15	15	15	15	15	15	15	15	15	15	14	13	13	13	13	13	13	13	13
12	12	12	12	12	12	11	11	11	11	12	13	14	15	15	16	16	16	16	16	16	16	16	16	15	14	14	14	14	14	14	14	14
12	12	12	12	12	12	11	11	11	11	12	13	14	14	15	16	16	16	16	16	16	16	16	16	16	15	14	14	14	14	14	14	14
13	13	13	13	13	13	12	12	12	12	12	12	13	13	14	15	15	15	15	15	15	16	16	16	16	15	15	15	15	15	15	15	15
13	13	13	13	13	13	12	12	12	12	12	12	13	13	13	14	14	15	15	15	15	16	16	16	16	15	15	15	15	15	15	15	15
14	14	14	14	14	14	13	13	13	13	13	13	13	13	13	13	13	14	14	14	14	15	15	16	16	15	15	15	15	15	15	15	15
14	14	14	14	14	14	14	14	13	13	13	13	13	14	13	13	13	14	14	14	14	15	15	16	16	16	16	16	16	16	16	16	16
15	15	15	15	15	15	15	14	14	14	14	14	14	14	14	14	14	15	15	15	15	16	16	16	16	16	16	16	16	16	16	16	16
14	14	14	14	14	14	14	14	13	13	13	13	13	14	13	14	14	15	15	15	15	16	16	16	16	16	16	16	16	16	16	16	16
14	14	14	14	14	14	14	14	13	13	13	13	13	14	13	14	14	15	15	15	15	16	16	16	16	16	16	16	16	16	16	16	16

INJECTOR TIMING
285	285	285	285	285	285	285	285	285	285	285	285	285	285	285	285	285	282	282	282	282	282	282	280	280	280	280	280	280	280	280	280	280
285	285	285	285	285	285	285	285	285	285	285	285	285	285	285	285	285	282	282	282	282	282	282	280	280	280	280	280	280	280	280	280	280
285	285	285	285	285	285	285	285	285	285	285	285	285	285	285	285	285	282	282	282	282	282	282	280	280	280	280	280	280	280	280	280	280
285	285	285	285	285	285	285	285	285	285	285	285	285	285	285	285	285	282	282	282	282	282	282	280	280	280	280	280	280	280	280	280	280
285	285	285	285	285	285	285	285	285	285	285	285	285	285	285	285	285	280	280	280	280	280	280	278	278	278	278	278	278	278	278	278	278
285	285	285	285	285	285	285	285	285	285	285	285	285	285	285	285	285	280	280	280	280	280	280	278	278	278	278	278	278	278	278	278	278
285	285	285	285	285	285	285	285	285	285	285	285	285	285	285	285	285	278	278	278	278	278	278	275	275	275	275	275	275	275	275	275	275
285	285	285	285	285	285	285	285	285	285	285	285	285	285	285	285	285	278	278	278	278	278	278	275	275	275	275	275	275	275	275	275	275
285	285	285	285	285	285	285	285	285	285	285	285	285	285	285	285	285	278	278	278	278	278	278	275	275	275	275	275	275	275	275	275	275
285	285	285	285	285	285	285	285	285	285	285	285	285	285	285	285	285	278	278	278	278	278	278	275	275	275	275	275	275	275	275	275	275
285	285	285	285	285	285	285	285	285	285	285	285	285	285	285	285	285	278	278	278	278	278	278	275	275	275	275	275	275	275	275	275	275
285	285	285	285	285	285	285	285	285	285	285	285	285	285	285	285	285	275	275	275	275	275	275	272	272	272	272	272	272	272	272	272	272
285	285	285	285	285	285	285	285	285	285	285	285	285	285	285	285	285	275	275	275	275	275	275	272	272	272	272	272	272	272	272	272	272
285	285	285	285	285	285	285	285	285	285	285	285	285	285	285	285	285	275	275	275	275	275	275	270	270	270	270	270	270	270	270	270	270
285	285	285	285	285	285	285	285	285	285	285	285	285	285	285	285	285	275	275	275	275	275	275	270	270	270	270	270	270	270	270	270	270
285	285	285	285	285	285	285	285	285	285	285	285	285	285	285	285	285	275	275	275	275	275	275	270	270	270	270	270	270	270	270	270	270
285	285	285	285	285	285	285	285	285	285	285	285	285	285	285	285	285	275	275	275	275	275	275	268	268	268	268	268	268	268	268	268	268
285	285	285	285	285	285	285	285	285	285	285	285	285	285	285	285	285	275	275	275	275	275	275	268	268	268	268	268	268	268	268	268	268
285	285	285	285	285	285	285	285	285	285	285	285	285	285	285	285	285	275	275	275	275	275	275	268	268	268	268	268	268	268	268	268	268
285	285	285	285	285	285	285	285	285	285	285	285	285	285	285	285	285	275	275	275	275	275	275	268	268	268	268	268	268	268	268	268	268
285	285	285	285	285	285	285	285	285	285	285	285	285	285	285	285	285	275	275	275	275	275	275	268	268	268	268	268	268	268	268	268	268

IGNITION TIMING
9.0	10.5	12.5	14.0	16.5	18.0	19.5	20.5	22.0	23.5	24.0	25.0	26.0	26.5	26.5	26.5	26.5
9.0	10.5	12.5	14.0	16.5	18.0	19.5	20.5	22.0	23.5	24.0	25.0	26.0	26.5	26.5	26.5	26.5
9.0	10.5	12.5	14.5	17.0	18.5	20.0	21.0	22.5	24.0	24.5	25.5	26.5	26.5	26.5	26.5	26.5
9.0	10.5	12.5	15.0	17.5	18.5	20.5	21.5	22.5	24.0	24.5	25.5	26.5	26.5	26.5	26.5	26.5
9.5	11.0	12.5	15.0	17.5	18.5	20.0	21.0	22.0	23.5	24.5	25.5	26.5	26.5	26.5	26.5	26.5
9.5	11.0	12.5	15.0	18.0	20.0	21.5	22.5	23.0	24.5	25.5	26.5	26.5	26.5	26.5	26.5	26.5
10.5	12.0	13.5	16.0	18.5	21.0	22.5	23.5	24.0	25.5	26.5	27.0	27.0	26.5	26.5	26.5	26.5
10.5	12.0	13.5	16.0	18.5	21.0	23.0	24.5	25.0	26.5	27.0	27.0	27.0	26.5	26.5	26.5	26.5
10.5	12.0	13.5	16.0	18.5	21.0	23.0	25.0	26.0	26.5	27.0	27.0	27.0	26.5	26.5	26.5	26.5
10.5	12.0	13.5	15.5	18.0	20.5	22.5	24.5	26.5	27.0	27.0	27.0	27.0	26.5	26.5	26.5	26.5
10.5	12.0	13.5	15.5	18.0	20.5	22.5	24.5	26.5	27.0	27.0	27.0	27.0	26.5	26.5	26.5	26.5
10.0	11.5	13.0	15.0	17.5	20.0	22.0	24.0	25.5	26.5	27.0	27.0	26.5	26.5	26.5	26.5	26.5
10.0	11.5	13.0	15.0	17.0	19.5	21.5	23.0	24.5	26.0	26.5	27.0	26.5	26.5	26.5	26.5	26.5
10.0	11.5	13.0	15.0	17.0	19.5	21.0	22.0	24.0	25.5	26.0	27.0	26.5	26.5	26.5	26.5	26.5
9.5	11.0	12.5	14.5	16.0	18.5	20.0	21.0	23.0	24.5	25.0	26.0	26.0	27.0	27.0	27.0	27.0
9.5	11.0	12.5	14.5	16.0	18.0	19.5	20.5	22.5	24.0	24.5	25.5	26.0	27.0	27.0	27.0	27.0
9.0	10.5	12.0	14.0	15.5	17.5	19.0	20.0	21.5	23.0	23.5	24.5	25.5	26.5	27.0	27.0	27.0
9.0	10.5	12.0	13.5	14.5	16.5	18.0	19.0	20.5	22.0	22.5	24.0	25.0	26.0	27.0	27.0	27.0
8.5	10.0	11.5	13.0	14.0	16.0	17.5	18.5	20.0	21.5	22.5	24.0	25.0	25.5	26.0	26.0	26.0
8.0	9.5	11.0	12.5	13.0	15.0	16.5	17.5	19.0	21.0	22.0	23.5	24.5	25.0	26.0	26.0	26.0
8.0	9.5	11.0	12.5	13.0	15.0	16.5	17.5	19.0	21.0	22.0	23.5	24.5	25.0	25.5	25.5	25.5
